4760240 ns - Avg Allocation Time
8985866 ns - Avg Set Time
196622 ns - Avg Get time
92880467 ns -Avg Mult Time
107 ms - Avg Execution Time
4344044 663868 5913285 965328 1005336 464966 8473572 1364934 5644598 8789075 159846 1202646 12280553 91850 1316843 155482 1245918 149940 1226570 13123672 9162509 13969081 11617106 182968 8359754 966921 9062941 750270 149840 61276 1355275 12777971 750851 190644 1182854 11891458 1499712 8049689 937632 9123672 1231712 11823515 1289824 958524 8319041 148607 7844031 155215 1199559 160884 12838201 7995425 655842 147239 1271645 989034 181217 12400362 9629929 8749129 1145647 1410000 1075013 1234121 8489321 1301918 1234443 13299333 1218625 12690179 9166635 11297161 148460 1461968 12360899 1043300 1225084 154460 143215 12773912 913856 152513 150852 12522178 9040781 11116932 9079829 178077 15805072 7984871 11532144 11045698 8876655 1285484 155057 166615 149342 13911617 9026368 1442702 
15583167 4152279 4075608 10459430 9649496 4056759 9963329 10005775 4060247 8814383 10488024 8369684 6844798 6601104 10468343 10213978 8000287 9746136 9232905 7742000 9085167 6274340 8220337 9861016 10448404 10508894 8978041 6604540 9588398 4052720 9885671 10574457 10273847 10626913 10505854 10476007 9836941 9517214 10111058 8140509 9502000 7966416 8712949 7226919 10477801 8464359 10563635 7515937 9172330 7448344 8670582 10352778 9515917 9067418 8009163 8936580 6847166 10589043 10621801 10281025 10616552 8706682 10494529 11078348 9369578 9016769 9578069 10504548 9091806 6632278 10739119 9568156 10502874 8993496 6595758 8565380 7627270 8148938 10469309 7394363 8653559 10490393 7534100 10394654 7920236 8428521 6997553 8765838 6015567 10531516 10488338 8657359 8285696 10458822 10470401 10077101 9065845 8535856 10578363 10502841 
84117 76356 120868 291276 260244 129360 293786 188034 229873 360574 241818 126587 111575 183870 369117 145656 200132 105996 115943 161847 159297 169194 166610 177898 167512 296575 159365 184021 204178 115416 105823 294492 158651 290739 297921 311579 108850 109898 113570 138254 220364 294692 113380 105845 293095 105388 300605 105491 112597 112624 113279 106400 228791 232802 138653 183611 108979 331834 292372 345472 290879 112665 291718 442704 111648 166093 185837 148188 235192 115858 293309 251590 295239 255845 122276 105727 174884 136032 223540 169180 268763 299258 174576 293245 109951 162425 161633 183881 105370 296452 295209 157976 107314 290953 290571 109434 158985 105790 298106 290836 
110307825 88065738 95059056 93223176 90978279 90029482 89096136 95065543 94464067 91794435 96334454 88872198 89207499 98925316 89164124 100109960 91874799 98115244 90648442 91213885 93449300 90956898 91261841 92932956 89231869 92488877 91624327 93931450 97249837 93455447 89581647 90630182 92709901 99591008 91934154 89416372 92165434 89402184 89672153 88537319 93659322 90864762 89204274 90042977 90537860 91485652 90893150 101200507 89521185 97517465 88318350 87940309 94578945 101334540 88688828 92526732 100623791 91823910 90601113 95308735 90344205 89245736 90889224 90848413 89212647 92343560 93366267 89867871 92998823 88689302 91580250 93037493 98727542 93755953 88597907 90319218 92019342 96555739 98313889 91542321 92540912 93627154 96152408 90873723 90730692 92688234 92899167 99039154 96965344 93855050 89863484 94797847 88538994 92874609 102930609 94965001 99954816 88810560 91424707 92813392 
132 94 106 105 103 95 108 108 104 111 107 99 109 107 102 111 102 108 102 113 113 112 112 104 108 105 110 103 107 99 101 115 104 111 104 113 105 107 101 106 105 111 100 99 110 101 110 110 100 106 111 107 106 111 99 103 109 116 111 115 103 100 103 105 108 103 105 115 104 108 112 115 110 105 108 100 102 106 110 113 103 105 104 115 108 113 110 109 120 112 113 116 107 105 115 106 110 111 112 106 
