537608 ns - Avg Allocation Time
8665398 ns - Avg Set Time
296589 ns - Avg Get time
172245332 ns -Avg Mult Time
182 ms - Avg Execution Time
565102 754131 450523 657508 659896 783010 758820 610057 607666 533195 461439 609162 377203 506750 425124 376380 403298 415530 352076 374751 349723 953485 436473 426867 592036 
10158748 9793851 6053091 9554686 9616861 10065680 9461079 9300450 9623018 9324386 9415582 9194734 10011421 7325695 7881244 8210581 8601261 6138263 8915803 8005094 6835136 11448789 6078791 6079706 9541004 
346572 299282 208994 313450 329965 328987 312344 314224 329114 313472 314587 298165 300211 299853 299321 314524 327928 206528 331630 299176 313621 299612 208070 205906 299213 
166167561 192439423 170038368 171574053 169745521 171427050 171394763 169941385 170596136 169544019 170742277 170179360 171668348 198720082 171833686 168533647 167313310 171765561 168393277 172159740 180989941 171339586 168366261 160775866 170484080 
178 204 177 182 181 183 182 181 181 181 182 181 183 207 181 178 177 180 178 182 189 185 175 169 181 
