992651 ns - Avg Allocation Time
6978454 ns - Avg Set Time
1658592 ns - Avg Get time
1220817095 ns -Avg Mult Time
1231 ms - Avg Execution Time
1038350 1025310 1012440 1001187 987098 604812 844069 1120667 1223808 696605 968831 1033494 1018698 1065467 1149002 979197 156565 1058222 674932 1182095 1816612 1017884 1011372 661627 1467954 
10927169 6423335 6435536 6461599 6448519 6441046 6286177 6455602 6478872 7457129 6422410 8159890 8181794 6414312 6421784 6458329 7858102 6488735 6536764 8346858 7834877 6415493 6434201 6247759 6425080 
2538480 1841267 1880135 1886921 1849462 1043428 986300 1024355 1905565 995480 1887274 2447463 986739 1867516 1853681 1870963 518790 1878586 1047060 2039872 2471427 1858701 1896402 979121 1909817 
1384012607 1395158777 1391614334 1386597308 1382760594 1104396102 889756883 622801361 1390097350 896545053 1380137891 1383158472 885749501 1398858229 1396402495 1394979707 682534140 1405505017 1104808988 1382701269 1384493463 1396177944 1398343906 883569863 1199266137 
1399 1405 1402 1396 1393 1113 899 632 1401 906 1390 1395 896 1409 1407 1404 691 1416 1113 1395 1398 1406 1408 892 1209 
