1205893 ns - Avg Allocation Time
8622137 ns - Avg Set Time
1852850 ns - Avg Get time
1407108690 ns -Avg Mult Time
1419 ms - Avg Execution Time
1608410 155370 1718057 164443 1491840 1366853 1339732 1060765 621481 1883652 1817432 990525 1482125 1351821 1755554 1811754 600426 1142002 1303920 629075 1104557 728992 1156520 1059236 1802792 
7167348 19771393 9881933 21074373 7116645 9255485 7724476 7096225 7819450 7036771 8505023 7237792 6807546 7063178 7037030 7055339 7784478 7042508 7472337 7561870 7049807 7775371 9188237 6975166 7053662 
2059130 1165085 2190451 1029639 2069583 1549468 2047713 2065063 1303591 2061912 2188363 2168963 1969547 2059241 2082299 2078963 1221996 2060428 2070201 1171434 2082924 1230201 2168351 2142436 2084274 
1516657323 1205119010 1530065192 840138543 1514083255 1000872780 1514006654 1506030549 1238685797 1516153365 1522259820 1513313035 1524093718 1509362222 1347690779 1521802017 1248091186 1522315425 1521285546 1251712849 1515837553 1245759644 1516662355 1515654791 1520063853 
1528 1226 1545 863 1525 1013 1526 1516 1249 1527 1536 1524 1534 1520 1360 1533 1259 1533 1533 1262 1526 1256 1530 1527 1531 
